	Array creation
2 dimensional array: 
[[32 61 53 93 62 34 92 37 62 95]
 [ 4 82 91 19 49 61 89 91 51 52]
 [35 50 67 22 67 30 99 43 70 24]
 [22 70 20 68 90 50 92  9 20 57]
 [70 82 23 22 14 35 27 57 46 82]
 [48 60 57 45 12 48 33 45 54 47]
 [29 76 71 22 57 49 74 66  3 66]
 [41 83 49 77  1 85 79 99 28 62]
 [50 76 99 22 18 19 94 54 54 38]
 [62 43 88 80  8 32 94 81 31 72]]
	Checking different saving formats
saving into txt
loading from txt
saved-loaded is the same as original for txt format
Original array
[[23  6 54 82 94 69 61 69 80 96]
 [24 67 68 95 93 17 86 72  8 30]
 [52 66 61 13 99 13 92 65 97 58]
 [66 15 64  4 50 76 95 58 42 80]
 [94 50 32 94 15 30 35 66 29 83]
 [ 0 19 70 25 94 37 27 14 79  7]
 [72  6 96 49 32 70 42 91 50 38]
 [ 2 93 27 28 56 77 46 99 59 37]
 [50 70 16  5 96 15 68 36 82 52]
 [18  3 35 48 13 98 79 66 11 85]]
Write-read array
[[23  6 54 82 94 69 61 69 80 96]
 [24 67 68 95 93 17 86 72  8 30]
 [52 66 61 13 99 13 92 65 97 58]
 [66 15 64  4 50 76 95 58 42 80]
 [94 50 32 94 15 30 35 66 29 83]
 [ 0 19 70 25 94 37 27 14 79  7]
 [72  6 96 49 32 70 42 91 50 38]
 [ 2 93 27 28 56 77 46 99 59 37]
 [50 70 16  5 96 15 68 36 82 52]
 [18  3 35 48 13 98 79 66 11 85]]
saving into csv
loading from csv
saved-loaded is the same as original for csv format
Original array
[[ 5 60 36 59 38  4 33 18 55 41]
 [61  4 98 75  7 21 55 22 67 41]
 [83 83 19 58 80 64  1 46 73 55]
 [21 43 72  9 27 26 87 78 11 41]
 [70 89 60 62 19 97 24 33 38 61]
 [76 31 18 69 99 19 15 53 57 23]
 [38 81 94 64 90 57 73 23 39 76]
 [98 95 98 81 25  1 87 29 80 22]
 [52 50 24 31 95 44 86 90 41 87]
 [31  7 93 43 80 86 47  2 61 33]]
Write-read array
[[ 5 60 36 59 38  4 33 18 55 41]
 [61  4 98 75  7 21 55 22 67 41]
 [83 83 19 58 80 64  1 46 73 55]
 [21 43 72  9 27 26 87 78 11 41]
 [70 89 60 62 19 97 24 33 38 61]
 [76 31 18 69 99 19 15 53 57 23]
 [38 81 94 64 90 57 73 23 39 76]
 [98 95 98 81 25  1 87 29 80 22]
 [52 50 24 31 95 44 86 90 41 87]
 [31  7 93 43 80 86 47  2 61 33]]
saving into npz
loading from npz
saved-loaded is the same as original for npz format
Original array
[[96  9 76  7 59 56 57 29 59 47]
 [18 88 93 17 28 67 62 22  8 40]
 [78 46 46 55 42 74 51 67 87 50]
 [37 41 51 82 91 23 88  2 63 53]
 [47 98 19 38 73  7 64 15 71 28]
 [68 63  8 20 93 10 92 67 41 75]
 [38 94 49 89 19 42  5 65 54 37]
 [31 88 78 36 35 39 17 16 50 21]
 [71 91 66 31 95 66 17 83 64  7]
 [37 32 86 80 99 79 37 47 70 25]]
Write-read array
[[96  9 76  7 59 56 57 29 59 47]
 [18 88 93 17 28 67 62 22  8 40]
 [78 46 46 55 42 74 51 67 87 50]
 [37 41 51 82 91 23 88  2 63 53]
 [47 98 19 38 73  7 64 15 71 28]
 [68 63  8 20 93 10 92 67 41 75]
 [38 94 49 89 19 42  5 65 54 37]
 [31 88 78 36 35 39 17 16 50 21]
 [71 91 66 31 95 66 17 83 64  7]
 [37 32 86 80 99 79 37 47 70 25]]
saving into npy
loading from npy
saved-loaded is the same as original for npy format
Original array
[[79 54 22 23 49 62 12  0 62 50]
 [30 72 90 66 49 67 82 12 57 47]
 [63 39 94 77 67 36 63 81 59 75]
 [18 24 63 54 39 32 44 24 26 65]
 [78  9 41 37 92 49 68 62 55 51]
 [43  6 32 63 10 12  9 36 33 68]
 [51 11 79 68 55 74 28  1 52  1]
 [74 69 23 24 10 92 52 13 66 57]
 [54  2 52 87  1 94 84 98  4 29]
 [92 27 51 35 86 97 71  7 22 85]]
Write-read array
[[79 54 22 23 49 62 12  0 62 50]
 [30 72 90 66 49 67 82 12 57 47]
 [63 39 94 77 67 36 63 81 59 75]
 [18 24 63 54 39 32 44 24 26 65]
 [78  9 41 37 92 49 68 62 55 51]
 [43  6 32 63 10 12  9 36 33 68]
 [51 11 79 68 55 74 28  1 52  1]
 [74 69 23 24 10 92 52 13 66 57]
 [54  2 52 87  1 94 84 98  4 29]
 [92 27 51 35 86 97 71  7 22 85]]
Array for aggregation
[[78 87 95 69 94]
 [11 17 98 10 98]
 [65 68 27 98 27]
 [22 58 75 24  2]
 [60 31 29 56  2]
 [21 25 10 97 99]
 [64  7 93 95 99]
 [14 12 71 34 92]
 [12 17 91 85 67]
 [91 88 48 23 91]]
array shapes: (10, 5)
	Aggregate Functions
on whole matrix
sum: 2747, mean: 54.94, median: 62.0, std: 34.100680345119216
on columns
sum: [438 410 637 591 671],
mean: [43.8 41.  63.7 59.1 67.1],
median: [41.  28.  73.  62.5 91.5], 
std: [29.13348589 29.74558791 31.01950999 32.54673563 38.71550077]
on rows
sum: [423 234 285 181 178 252 358 223 272 341], 
mean: [84.6 46.8 57.  36.2 35.6 50.4 71.6 44.6 54.4 68.2], 
median: [87. 17. 65. 24. 31. 25. 93. 34. 67. 88.], 
std: [ 9.89141042 41.87314175 27.07766607 26.46053665 21.00095236 39.17958652
 34.60404601 31.79685519 33.5594994  27.86682616]